Base.p = [0 0 0]';
Base.R = eye(3);

End.p = [-0.5990   -0.5990    9.7132]';
End.R =   [    0.6964   -0.7071    0.1228
    0.6964    0.7071    0.1228
   -0.1736         0    0.9848];

D = 3;
A = 4;
B = 3;
