Base.p = [0 0 0]';
Base.R = eye(3);

End.p = [5.8284         0    5.8284]';
End.R =   [    0.0000         0    1.0000
         0    1.0000         0
   -1.0000         0    0.0000];

D = 3;
A = 4;
B = 3;
