Base.p = [0 0 0]';
Base.R = eye(3);

End.p = [3.2964         0    9.0569]';
End.R =   [    0.7660         0    0.6428
         0    1.0000         0
   -0.6428         0    0.7660];

D = 3;
A = 4;
B = 3;
