Base.p = [0 0 0]';
Base.R = eye(3);

End.p = [1.9585 -5.3809 5.0520]';
End.R =   [ -0.0885 0.9397  0.3304
             0.2432 0.3420 -0.9077
            -0.9659   0    -0.2588];

D = 3;
A = 4;
B = 3;
