Base.p = [0 0 0]';
Base.R = eye(3);

End.p = [1.36808057330267 0 6.75877048314363]';
End.R =    [ 0.9397         0    0.3420;
         0    1.0000         0;
   -0.3420         0    0.9397];

D = 3;
A = 4;
B = 3;
